1 doc_topics đầu tiên trong synthetic.npz:
doc_topics: [[[1.79561520e-08 1.22284589e-02 4.37642343e-04 ... 3.78947393e-02
   2.19903427e-01 6.50865542e-02]
  [1.18381560e-01 3.00228851e-02 1.64546389e-11 ... 1.82298024e-01
   2.45694057e-01 2.12164036e-02]
  [5.31369682e-04 2.31197773e-03 7.76700695e-12 ... 3.88576419e-01
   1.31363671e-01 9.17100311e-03]
  ...
  [5.20376246e-03 4.32317373e-02 5.36125434e-02 ... 2.46629739e-01
   1.03433846e-01 1.15610946e-01]
  [3.72962409e-02 3.14220530e-03 5.91402415e-04 ... 9.15202757e-02
   2.15866501e-01 4.32523025e-01]
  [1.68275599e-06 2.05468624e-02 8.79243181e-02 ... 6.17872385e-01
   2.08808314e-02 8.10246939e-03]]

 [[9.46287002e-02 4.22800215e-02 4.70263626e-02 ... 1.72946587e-01
   1.60622897e-05 1.95487495e-04]
  [2.69976399e-01 2.88202359e-02 2.61115715e-02 ... 2.99318877e-02
   2.62899579e-09 3.85835232e-06]
  [2.18833209e-01 1.26695244e-02 1.56016423e-01 ... 4.75206935e-04
   9.74819368e-17 8.42138997e-02]
  ...
  [5.97651882e-02 3.25203991e-01 2.21462806e-01 ... 4.28881715e-03
   7.46545707e-03 1.21152543e-03]
  [1.82467933e-02 2.91800889e-01 2.52256418e-01 ... 4.86684613e-25
   7.92938326e-02 5.23067776e-17]
  [1.26645914e-01 1.45611434e-01 5.40714190e-02 ... 4.01940514e-05
   4.32737813e-04 4.71841861e-03]]

 [[1.60871552e-01 3.51657553e-01 1.65137085e-01 ... 5.26825682e-02
   1.48073690e-01 4.78557165e-02]
  [2.07299450e-02 5.49813715e-01 8.69192642e-02 ... 3.16331154e-03
   5.45549356e-04 3.20510760e-01]
  [1.36487766e-02 9.14670259e-02 6.29280662e-02 ... 3.88749400e-01
   2.53565330e-01 5.09345364e-02]
  ...
  [1.57641728e-01 9.47615969e-02 8.11786228e-02 ... 2.33889222e-01
   1.10944039e-02 1.51101094e-01]
  [8.69621603e-03 1.22026468e-03 5.02647700e-02 ... 6.82259172e-02
   9.33731843e-02 7.35250693e-02]
  [1.09228195e-01 2.40788136e-01 2.24186743e-01 ... 2.64828211e-01
   8.86918288e-02 2.61738219e-02]]

 [[7.83682843e-02 1.48357270e-02 1.35583683e-06 ... 5.37575422e-02
   2.65060894e-01 3.48478284e-01]
  [7.30723938e-02 1.77400621e-01 8.64894422e-06 ... 3.29260666e-01
   3.52602891e-03 7.66132825e-02]
  [5.46189400e-02 1.82231235e-02 9.93393558e-06 ... 1.20020956e-01
   2.25634906e-01 3.98440540e-02]
  ...
  [1.39508126e-02 4.58148036e-07 1.98463941e-07 ... 2.40399828e-01
   9.04292780e-02 9.93495701e-02]
  [3.39693071e-01 9.31484406e-04 2.19172309e-06 ... 8.90449976e-02
   1.15054486e-02 2.12370703e-01]
  [2.21899194e-01 7.56169266e-05 1.50478232e-02 ... 1.89660171e-01
   1.20847515e-03 1.08734950e-01]]

 [[4.25653379e-02 1.30107720e-01 4.45963184e-01 ... 1.82698960e-01
   9.08531196e-05 2.80753306e-11]
  [1.31289112e-03 2.51702817e-03 3.67204279e-01 ... 1.80301215e-01
   1.60048472e-03 1.08329280e-17]
  [1.54177072e-07 1.95853390e-02 3.87418537e-02 ... 4.86462314e-03
   7.03909263e-04 1.72305120e-04]
  ...
  [5.69962847e-03 9.93818005e-02 2.65978948e-03 ... 2.24575410e-01
   4.83297490e-17 8.86628706e-09]
  [5.99586722e-05 2.52217511e-02 1.14744336e-01 ... 7.01061241e-02
   1.18350783e-03 1.36850174e-06]
  [7.90179451e-09 5.05433439e-03 5.92357260e-01 ... 2.34606457e-02
   7.65941309e-04 3.89631142e-08]]]
