1 topic_vectors đầu tiên trong synthetic.npz:
topic_vectors: [[2.83361721e-008 1.87169376e-270 2.78082803e-015 ... 2.55529405e-109
  2.84809005e-005 5.45673750e-070]
 [1.02324787e-017 9.43982864e-016 2.25010398e-086 ... 3.83984593e-037
  1.72734994e-031 1.41979403e-045]
 [4.04284177e-064 1.27819479e-008 8.55275993e-091 ... 6.12838995e-081
  7.14959647e-103 6.01349075e-025]
 ...
 [6.74894353e-046 4.93325573e-050 4.74625201e-006 ... 1.18644998e-046
  3.27972765e-007 1.28485858e-066]
 [5.07175799e-051 1.54616654e-004 1.70136151e-005 ... 1.58139678e-011
  6.66181497e-018 2.31509452e-066]
 [1.55693929e-019 3.70961964e-023 7.16902815e-007 ... 1.05900526e-029
  1.38409777e-017 5.25142850e-095]]
